34
10
16
10
13
28
13
20
22
42
41
12
16
31
25
32
48
13
12
11
15
21
13
13
14
27
13
19
40
9
16
15
16
11
19
17
12
10
7
25
20
12
13
14
8
11
8
20
11
15
16
11
5
7
11
14
14
11
16
8
26
10
10
8
17
11
13
18
16
10
39
30
14
16
19
18
20
67
26
75
60
60
80
65
68
64
53
57
50
64
65
76
70
64
79
61
58
97
65
54
84
56
63
84
96
116
102
91
65
60
54
51
28
60
43
43
37
27
66
49
56
40
37
45
84
71
82
53
51
45
42
42
52
43
33
34
32
42
36
51
38
44
57
40
33
30
72
39
44
26
48
26
24
28
16
41
32
19
22
31
21
41
26
51
44
25
42
40
35
27
22
34
26
28
26
29
33
28
25
28
26
23
40
20
197
123
32
30
25
32
37
28
32
43
40
39
26
38
34
38
23
42
41
24
40
26
29
26
34
25
34
33
19
33
25
30
33
27
30
27
25
33
20
20
21
32
27
43
36
27
40
50
36
47
42
38
66
43
43
39
48
33
64
46
43
50
68
66
191
177
165
92
34
38
19
29
23
38
29
22
45
55
45
49
63
51
51
31
65
58
40
39
62
58
63
57
133
29
33
30
38
43
22
55
55
54
40
46
31
36
42
44
60
75
61
100
40
32
49
55
51
51
57
41
31
38
46
83
44
32
35
43
64
47
47
42
42
22
32
39
48
45
57
50
110
110
112
92
73
107
83
122
134
106
120
106
124
160
168
109
104
113
101
124
89
79
101
71
73
75
79
86
84
96
60
98
94
101
61
81
46
47
43
61
91
63
99
93
82
49
61
50
55
71
36
59
48
58
61
53
42
37
55
56
49
55
70
34
42
77
67
65
52
69
89
94
96
63
97
68
64
46
53
33
37
64
34
64
48
46
37
34
20
30
46
49
36
44
49
48
34
52
34
52
40
45
39
34
30
33
51
32
36
37
81
111
113
40
42
35
42
48
55
61
46
51
29
50
54
39
49
47
39
36
27
42
63
47
26
39
61
49
40
27
25
47
24
56
95
30
40
27
27
40
36
46
42
93
45
28
31
33
36
50
33
35
20
27
38
21
54
50
28
27
54
32
40
26
32
65
36
40
66
38
32
25
37
33
37
30
34
35
17
36
48
40
26
29
27
52
37
41
45
34
37
28
36
32
29
24
37
34
110
39
32
39
39
48
43
51
37
56
45
32
49
34
50
34
37
29
